1 101 20240101 20240101 100 100 0 1 1 ########
2 101 20240101 20240102 100 105 0 1 1 20240108005030
3 101 20240102 20240103 105 110 0 1 1 20240108005030
4 101 20240101 20240101 100 100 0 2 1 ########
5 101 20240101 20240102 100 105 0 2 0 ########
6 101 20240102 20240103 105 110 0 2 0 ########
7 101 20240104 20240120 110 125 0 1 0 ########
8 101 20240120 20240201 125 200 30 1 0 ########
9 101 20240104 20240201 110 200 20 2 0 ########
10 201 20240101 20240101 0 0 0 1 1 ########
11 201 20240100 20240201 0 100 80 1 0 ########
